{
  "speeches": [
    {
      "id": 8770,
      "country": "AGO",
      "speaker": "João Manuel Gonçalves Lourenço",
      "title": "-Your Excellency Philémon Yang  \nPresident of the 79th Session of the United Nations General Assembl...",
      "date": "2024-79",
      "index": 0
    },
    {
      "id": 8627,
      "country": "ARG",
      "speaker": "Javier Gerardo Milei",
      "title": "To the authorities of the United Nations, to the representatives of its member states, and to all ci...",
      "date": "2024-79",
      "index": 1
    },
    {
      "id": 8761,
      "country": "AUS",
      "speaker": "Penny Wong",
      "title": "President, friends – \nSteeled by the horror of the most catastrophic conflict in history, humanity f...",
      "date": "2024-79",
      "index": 2
    },
    {
      "id": 8694,
      "country": "BRA",
      "speaker": "Lula da Silva",
      "title": "Mr President of the General Assembly, Philemon Yang,  \nI extend my greetings to Secretary-General An...",
      "date": "2024-79",
      "index": 3
    },
    {
      "id": 8719,
      "country": "CAN",
      "speaker": "Mélanie Joly",
      "title": "Dear colleagues,\n\nIt is an honour for me to speak before you today on behalf of Canada, and on behal...",
      "date": "2024-79",
      "index": 4
    },
    {
      "id": 8783,
      "country": "CHL",
      "speaker": "Gabriel Boric Font",
      "title": "\n\n**Mr President,**\n\nIn 2025, it will be 80 years since the day when 51 countries took the historic ...",
      "date": "2024-79",
      "index": 5
    },
    {
      "id": 8650,
      "country": "CHN",
      "speaker": "Wang Yi",
      "title": "Mr. President,\nColleagues,\n\nToday, humanity has once again come to a historical crossroads. We are f...",
      "date": "2024-79",
      "index": 6
    },
    {
      "id": 8786,
      "country": "COL",
      "speaker": "Gustavo Petro Urrego",
      "title": "*\"It is the hour of the peoples. If governments have failed—as is evident here—and have chosen inste...",
      "date": "2024-79",
      "index": 7
    },
    {
      "id": 8787,
      "country": "DEU",
      "speaker": "Annalena Baerbock",
      "title": "Excellencies, Ladies and Gentlemen, \n \nwe live in a world of quick headlines and even quicker slogan...",
      "date": "2024-79",
      "index": 8
    },
    {
      "id": 8622,
      "country": "DNK",
      "speaker": "Lars Løkke Rasmussen",
      "title": "Mr. President, Mr. Secretary General, Distinguished Delegates, \nFriends, Colleagues, \n \nThe high-lev...",
      "date": "2024-79",
      "index": 9
    },
    {
      "id": 8756,
      "country": "EGY",
      "speaker": "Badr Ahmed Mohamed Abdelatty",
      "title": "\n**Mr. President,**  \n**Ladies and Gentlemen Heads of Delegation,**  \n**Mr. Filimon Yang, President ...",
      "date": "2024-79",
      "index": 10
    },
    {
      "id": 8717,
      "country": "ESP",
      "speaker": "Pedro Sánchez Pérez-Castejón",
      "title": "Mr President,  \nMr Secretary-General,  \nHeads of State and Government,  \nAmbassadors,  \nDelegates,\n\n...",
      "date": "2024-79",
      "index": 11
    },
    {
      "id": 8692,
      "country": "ETH",
      "speaker": "Taye Atske-Selassie Made",
      "title": "Mr. President,\n•     As a country that was one of the fifty-one founding members of the United Natio...",
      "date": "2024-79",
      "index": 12
    },
    {
      "id": 8777,
      "country": "FIN",
      "speaker": "Alexander Stubb",
      "title": "Madam President, Mr. Secretary-General, Excellencies, Ladies and Gentlemen,\n\nThe UN was founded 79 y...",
      "date": "2024-79",
      "index": 13
    },
    {
      "id": 8680,
      "country": "FRA",
      "speaker": "Emmanuel Macron",
      "title": "Mr President of the General Assembly,  \nLadies and Gentlemen, Heads of State and Government,  \nMinis...",
      "date": "2024-79",
      "index": 14
    },
    {
      "id": 8645,
      "country": "GBR",
      "speaker": "Keir Starmer",
      "title": "Mr President, Your Excellencies, Ladies and gentlemen, \n \nI address the General Assembly today… \n \nA...",
      "date": "2024-79",
      "index": 15
    },
    {
      "id": 8705,
      "country": "GHA",
      "speaker": "Nana Addo Dankwa Akufo-Addo",
      "title": "President of the General Assembly,  \nSecretary-General,  \nExcellencies, Heads of State and Governmen...",
      "date": "2024-79",
      "index": 16
    },
    {
      "id": 8628,
      "country": "IND",
      "speaker": "Subrahmanyam Jaishankar",
      "title": "Mr. President, \n \nExcellencies, Distinguished Members of the General \nAssembly, \n \nGreetings and Nam...",
      "date": "2024-79",
      "index": 17
    },
    {
      "id": 8726,
      "country": "IRN",
      "speaker": "Masoud Pezeshkian",
      "title": "\nIn the name of God, the Compassionate, the Merciful \nMr. President, \nExcellencies, \nI extend my sin...",
      "date": "2024-79",
      "index": 18
    },
    {
      "id": 8796,
      "country": "ISR",
      "speaker": "Benjamin Netanyahu",
      "title": "Mr. President, Ladies and gentlemen, I didn’t intend to come here this year. My country is at war, f...",
      "date": "2024-79",
      "index": 19
    },
    {
      "id": 8769,
      "country": "ITA",
      "speaker": "Giorgia Meloni",
      "title": "**Mr President, Mr Secretary-General, fellow delegates, ladies and gentlemen,**\n\nWe are living in a ...",
      "date": "2024-79",
      "index": 20
    },
    {
      "id": 8700,
      "country": "JPN",
      "speaker": "Yamazaki Kazuyuki",
      "title": "Mr. President, \n \nAllow me to deliver this statement on behalf of the Prime Minister of Japan, Mr. K...",
      "date": "2024-79",
      "index": 21
    },
    {
      "id": 8793,
      "country": "KEN",
      "speaker": "William Samoei Ruto",
      "title": "President of the 79th Session of the UN General Assembly, Ambassador Philemon Yang,  United Nations ...",
      "date": "2024-79",
      "index": 22
    },
    {
      "id": 8805,
      "country": "KOR",
      "speaker": "Tae-yul Cho",
      "title": "Mr. President,\nMr. Secretary-General,\nDistinguished Delegates,\nI extend my congratulations to His Ex...",
      "date": "2024-79",
      "index": 23
    },
    {
      "id": 8657,
      "country": "MEX",
      "speaker": "Alicia Bárcena Ibarra",
      "title": "**Mr President,**\n\n**Dear delegates,**\n\nI convey to you the fraternal greetings of our President, An...",
      "date": "2024-79",
      "index": 24
    },
    {
      "id": 8728,
      "country": "NGA",
      "speaker": "Kashim Shettima",
      "title": "\nMr. President,  \n \n As you assume the leadership of this august Assembly, our world is confronted b...",
      "date": "2024-79",
      "index": 25
    },
    {
      "id": 8760,
      "country": "NLD",
      "speaker": "Dick Schoof",
      "title": "Mr President, \nYour Excellencies, \nLadies and gentlemen, \n \nI stand before you as a proud new partic...",
      "date": "2024-79",
      "index": 26
    },
    {
      "id": 8634,
      "country": "NOR",
      "speaker": "Espen Barth Eide",
      "title": "President, excellencies, ladies and gentlemen, \nOur United Nations was born as the Second World War ...",
      "date": "2024-79",
      "index": 27
    },
    {
      "id": 8789,
      "country": "PER",
      "speaker": "Elmer Schialer Salcedo",
      "title": "Mr President of the United Nations General Assembly,  \nDistinguished delegates of the nations of the...",
      "date": "2024-79",
      "index": 28
    },
    {
      "id": 8788,
      "country": "PSE",
      "speaker": "Mahmoud Abbas",
      "title": "Mr. Philemon Yang, President of the United Nations General Assembly,  \nMr. António Guterres, Secreta...",
      "date": "2024-79",
      "index": 29
    },
    {
      "id": 8616,
      "country": "RUS",
      "speaker": "Sergey Lavrov",
      "title": "Mr President,  \nLadies and Gentlemen,\n\nA few days ago, within these very walls, a forum titled the “...",
      "date": "2024-79",
      "index": 30
    },
    {
      "id": 8699,
      "country": "RWA",
      "speaker": "Ernest Rwamucyo",
      "title": "Your Excellency Philemon Yang, President of the 79th General\n\nAssembly.\n\nYour Excellency Antonio Gut...",
      "date": "2024-79",
      "index": 31
    },
    {
      "id": 8776,
      "country": "SAU",
      "speaker": "Prince Faisal bin Farhan Al-Saud",
      "title": "Your Majesties, Excellencies, Highnesses,  \nMr. President of the United Nations General Assembly,  \n...",
      "date": "2024-79",
      "index": 32
    },
    {
      "id": 8727,
      "country": "SEN",
      "speaker": "Bassírou Diomaye Diakhar Faye",
      "title": "Mr President of the General Assembly,  \nLadies and Gentlemen, Heads of State and Government,  \nMr Se...",
      "date": "2024-79",
      "index": 33
    },
    {
      "id": 8625,
      "country": "SWE",
      "speaker": "Maria Malmer Stenergard",
      "title": "Mr President, Excellencies, \nWe are gathered in this Assembly while the world, and this organisation...",
      "date": "2024-79",
      "index": 34
    },
    {
      "id": 8697,
      "country": "TUR",
      "speaker": "Tayyip Erdoğan",
      "title": "Mr. President, dear heads of states and governments, Mr. Secretary General, distinguished delegates,...",
      "date": "2024-79",
      "index": 35
    },
    {
      "id": 8748,
      "country": "UKR",
      "speaker": "Volodymyr Zelenskyy",
      "title": "Dear leaders, \n    Your excellencies, \n Today, I want to tell you about a day that has already passe...",
      "date": "2024-79",
      "index": 36
    },
    {
      "id": 8711,
      "country": "USA",
      "speaker": "Joseph R. Biden",
      "title": "My fellow leaders, today is the fourth time I’ve had the\ngreat honor of speaking to this assembly as...",
      "date": "2024-79",
      "index": 37
    },
    {
      "id": 8668,
      "country": "VEN",
      "speaker": "Yvan Gil Pinto",
      "title": "Distinguished Heads of Delegation, \nMinisters, Ambassadors, Mr. President, \n \n1.  Over the past few ...",
      "date": "2024-79",
      "index": 38
    },
    {
      "id": 8710,
      "country": "ZAF",
      "speaker": "Matamela Cyril Ramaphosa",
      "title": "President of the 79th Session of the UN General Assembly, Mr. Philemon Yang,  \nUnited Nations Secret...",
      "date": "2024-79",
      "index": 39
    }
  ],
  "similarities": [
    [
      1,
      0.7711011766131979,
      0.7632122560549965,
      0.778048493926848,
      0.7647604520964013,
      0.774177633865815,
      0.7712268556828632,
      0.7659074944139904,
      0.7729135457755814,
      0.7706168771138406,
      0.7697393428853679,
      0.7721318723494037,
      0.7696796816211653,
      0.7707704138541271,
      0.7712016446798082,
      0.7814549670827773,
      0.7777899412731644,
      0.7758067491043356,
      0.7739347848890531,
      0.7674842195685887,
      0.7632722598985028,
      0.7691803364750277,
      0.7847772276297499,
      0.7784378571295033,
      0.7717425411049613,
      0.7824482632177248,
      0.7742555557627476,
      0.7662670800326997,
      0.770121569198247,
      0.7679824802649033,
      0.7673462587818526,
      0.7748932285104332,
      0.7787256135505205,
      0.7808848907737603,
      0.7626425437628532,
      0.7797430088240843,
      0.7700577380976704,
      0.7661375710640658,
      0.772977810034715,
      0.7703456763582872
    ],
    [
      0.7711011766131979,
      1,
      0.7705210670606988,
      0.7714343302760998,
      0.760978501445987,
      0.7787415681022928,
      0.7661141408743898,
      0.7682136224311602,
      0.7724491168644856,
      0.7707753303736136,
      0.7699009643229299,
      0.7697631593488526,
      0.7645514804622469,
      0.7754514817271728,
      0.7730070373450774,
      0.7791973150879138,
      0.7688539742337797,
      0.7715485691876313,
      0.7734622780754556,
      0.7667330741685306,
      0.7667200793452131,
      0.7740824919733429,
      0.7661037349225818,
      0.7671059615648774,
      0.7756909088081412,
      0.7727457223055646,
      0.773088676043653,
      0.7684885640945148,
      0.7677590392913892,
      0.7592090474550038,
      0.7739703240604345,
      0.7672396883620312,
      0.7673334298516958,
      0.7638372591851491,
      0.7677608507103161,
      0.7723006349519193,
      0.7627752947135941,
      0.7678006698041618,
      0.7751407531408241,
      0.7704362730519574
    ],
    [
      0.7632122560549965,
      0.7705210670606988,
      1,
      0.7775311476396057,
      0.7629335279526561,
      0.7659507882725338,
      0.7626176313780306,
      0.7656431794259927,
      0.7763253972907289,
      0.7829779948244269,
      0.766257471258493,
      0.7686745692498173,
      0.7709317693508435,
      0.7699856613336176,
      0.769606692500181,
      0.774847319589416,
      0.76931947046415,
      0.7701887064509164,
      0.7613958441591888,
      0.7792249822136869,
      0.7647001850647126,
      0.7758561134849176,
      0.7737247878792755,
      0.7689959145508881,
      0.7690898280637626,
      0.7639531486302253,
      0.7660059844689244,
      0.7711151371002175,
      0.7673281894629358,
      0.7787546554804765,
      0.7677352654720038,
      0.7637090620514071,
      0.762540757934593,
      0.7694645548943225,
      0.7700883169082136,
      0.7736268546957104,
      0.7663608791650823,
      0.7711844462802577,
      0.7821094655451457,
      0.7709719750050484
    ],
    [
      0.778048493926848,
      0.7714343302760998,
      0.7775311476396057,
      1,
      0.7589942974355919,
      0.7720332743573798,
      0.773835112309529,
      0.7615212693917757,
      0.7789462565828585,
      0.7786577250504457,
      0.7735389129899374,
      0.7716415974816403,
      0.7704864070697296,
      0.7686918415312177,
      0.7756086342693834,
      0.7761223368511039,
      0.7721020970362295,
      0.7779690550986862,
      0.7669852246371374,
      0.7670538304364147,
      0.7659121269735891,
      0.7739764161733363,
      0.7819433194175816,
      0.7697405290827756,
      0.7710048194779039,
      0.7748559460478713,
      0.7777468105001876,
      0.7741948389986903,
      0.7742910604792463,
      0.7718710084933725,
      0.7770392368357024,
      0.7758487764653195,
      0.780246001654456,
      0.7775787249127853,
      0.7681492513618323,
      0.7756458875688075,
      0.7693764027926464,
      0.7692468186590897,
      0.7757210613509975,
      0.7668404738495384
    ],
    [
      0.7647604520964013,
      0.760978501445987,
      0.7629335279526561,
      0.7589942974355919,
      1,
      0.7631586447194789,
      0.767502762816501,
      0.7667980247257465,
      0.7717732906598623,
      0.7626113294569209,
      0.7613538207218318,
      0.7634574688212751,
      0.7576746437082583,
      0.7610403688602324,
      0.7718909650985983,
      0.7780352116434784,
      0.7578067557750332,
      0.7599425810757376,
      0.7584653319966069,
      0.7662147154585736,
      0.7635967396301027,
      0.7646835229163739,
      0.765663578108676,
      0.7595578452447982,
      0.7668061506315187,
      0.7614722723828791,
      0.7680295650245467,
      0.7627498694892261,
      0.7687029874921436,
      0.7657612248929797,
      0.7608802704556535,
      0.7645926467674863,
      0.7666757206842134,
      0.7618266174682979,
      0.7619435968176699,
      0.7654336080877835,
      0.7580479695569797,
      0.7665147852555658,
      0.7679719187193093,
      0.7586245204855323
    ],
    [
      0.774177633865815,
      0.7787415681022928,
      0.7659507882725338,
      0.7720332743573798,
      0.7631586447194789,
      1,
      0.7756991800639905,
      0.7707415550468092,
      0.7692635955553389,
      0.7737336332828825,
      0.771866565890321,
      0.7727646517824396,
      0.7716378900397268,
      0.7678639891954547,
      0.7775053691054077,
      0.7799872908170201,
      0.7689746637236664,
      0.7737485969400338,
      0.7579928760083869,
      0.7640303329857411,
      0.76815790156823,
      0.7644865941125176,
      0.7720307471414442,
      0.7670059827131952,
      0.7759539366276667,
      0.7752836494144519,
      0.76753167106768,
      0.7769828587459585,
      0.7705182458652263,
      0.7673315612241596,
      0.7729248934980528,
      0.7710400055232438,
      0.7703573610224743,
      0.7716042747956164,
      0.772391291279779,
      0.7750014856050285,
      0.7645316985462899,
      0.7701457763056907,
      0.7753802105026403,
      0.7728025772746882
    ],
    [
      0.7712268556828632,
      0.7661141408743898,
      0.7626176313780306,
      0.773835112309529,
      0.767502762816501,
      0.7756991800639905,
      1,
      0.7678751538198728,
      0.7781255244580134,
      0.76945482414008,
      0.7719677539001836,
      0.7748545099122863,
      0.7775481022761249,
      0.7682175072789769,
      0.7689652855464953,
      0.7823903821600329,
      0.7692851350654264,
      0.7779796714385921,
      0.7693647570310362,
      0.7641045606837061,
      0.767779806136505,
      0.7790574071668513,
      0.7700014154876795,
      0.7692595021710509,
      0.769960304312714,
      0.7702109428070222,
      0.7720533345258762,
      0.7745799002632399,
      0.7770057421490189,
      0.7650561010219916,
      0.7678526190491617,
      0.7720249840464081,
      0.7732368874841314,
      0.771853115473738,
      0.7711471786307281,
      0.7738598708406814,
      0.7667180762470549,
      0.7679386797261134,
      0.7688283721515571,
      0.7642086064997553
    ],
    [
      0.7659074944139904,
      0.7682136224311602,
      0.7656431794259927,
      0.7615212693917757,
      0.7667980247257465,
      0.7707415550468092,
      0.7678751538198728,
      1,
      0.7771314033663541,
      0.7645591756909718,
      0.7695220352295181,
      0.7741488175959261,
      0.7663332105569562,
      0.7683090363132646,
      0.7707015769646028,
      0.776554717607713,
      0.7679326709136112,
      0.7655023102516384,
      0.7685199241705503,
      0.7669410469583275,
      0.7637855027522559,
      0.7676927602410848,
      0.7689965961237223,
      0.7678915465304302,
      0.7720908626622641,
      0.7659060067957045,
      0.7647077386046782,
      0.7658469836845253,
      0.7682304987281708,
      0.7734585914711232,
      0.7668861482184844,
      0.7672806003151014,
      0.7656330253770106,
      0.7635223192823706,
      0.7667657653519508,
      0.7690090095720385,
      0.7661812660258727,
      0.7678319758771259,
      0.768880937648527,
      0.7561265020647691
    ],
    [
      0.7729135457755814,
      0.7724491168644856,
      0.7763253972907289,
      0.7789462565828585,
      0.7717732906598623,
      0.7692635955553389,
      0.7781255244580134,
      0.7771314033663541,
      1,
      0.7813549036063678,
      0.7713039378485245,
      0.7795075868984652,
      0.7694307349595039,
      0.7753919818668734,
      0.7799091474870788,
      0.7883450135135176,
      0.7689591650011218,
      0.773433001942511,
      0.7667202472815929,
      0.7768368108362406,
      0.7752544098764207,
      0.7800733074909783,
      0.7710902359152965,
      0.7635350710460104,
      0.7736230511612548,
      0.7709009686081771,
      0.7773199263047307,
      0.7797423792134566,
      0.7654129707321858,
      0.7747795119681914,
      0.7732778575638068,
      0.7698359176771706,
      0.7674701012143428,
      0.7686435815359953,
      0.7693376591624899,
      0.7746649862571137,
      0.7733618170010147,
      0.7704606598247226,
      0.782073125878144,
      0.7678933933908384
    ],
    [
      0.7706168771138406,
      0.7707753303736136,
      0.7829779948244269,
      0.7786577250504457,
      0.7626113294569209,
      0.7737336332828825,
      0.76945482414008,
      0.7645591756909718,
      0.7813549036063678,
      1,
      0.780789556750308,
      0.7773649876770967,
      0.7740430757126244,
      0.7765594183022713,
      0.7764679494993386,
      0.7817644059866345,
      0.7767572978327059,
      0.7749561487641161,
      0.7704169149637687,
      0.7804205056363019,
      0.7736803843703173,
      0.7760108576973521,
      0.7737349637353016,
      0.7724686531616808,
      0.7712215468780513,
      0.7731835196937006,
      0.7709356943926998,
      0.776238149850497,
      0.7682986295556147,
      0.7862881651207305,
      0.7739689492189141,
      0.7756805946324984,
      0.7805355798059755,
      0.7711072203374868,
      0.7796272479629113,
      0.7736460309780498,
      0.7707417420356966,
      0.771520723754095,
      0.7813851706673829,
      0.7697665051545506
    ],
    [
      0.7697393428853679,
      0.7699009643229299,
      0.766257471258493,
      0.7735389129899374,
      0.7613538207218318,
      0.771866565890321,
      0.7719677539001836,
      0.7695220352295181,
      0.7713039378485245,
      0.780789556750308,
      1,
      0.771172574828482,
      0.7662507497899137,
      0.7748085955626343,
      0.774874250137111,
      0.7824642076028753,
      0.7700954870257593,
      0.7731564113414973,
      0.763930130015175,
      0.7719310610903354,
      0.7663895112436343,
      0.7724418663833417,
      0.7741786669647639,
      0.7743586829204047,
      0.7735663243615992,
      0.770483313737215,
      0.7705223244443618,
      0.7703514968704527,
      0.7640707315345922,
      0.773658048896682,
      0.7726484464849046,
      0.7723722605555459,
      0.7770917988298727,
      0.7724130980860606,
      0.7673841496164427,
      0.7755435120421831,
      0.7676446418630316,
      0.7701083225629785,
      0.7735133335361519,
      0.7701713184436308
    ],
    [
      0.7721318723494037,
      0.7697631593488526,
      0.7686745692498173,
      0.7716415974816403,
      0.7634574688212751,
      0.7727646517824396,
      0.7748545099122863,
      0.7741488175959261,
      0.7795075868984652,
      0.7773649876770967,
      0.771172574828482,
      1,
      0.7699632144164391,
      0.772595052069748,
      0.7761541756484368,
      0.7757510185294384,
      0.7650332472745722,
      0.7726773170946004,
      0.7700961721283567,
      0.7683672608981778,
      0.7762092171811067,
      0.7767135040596566,
      0.7707559735111913,
      0.7674232758343373,
      0.7762663304246052,
      0.768191362844054,
      0.7699781089742279,
      0.774094483942808,
      0.7735341726613726,
      0.7708981926452969,
      0.7700182621848988,
      0.7670557755493499,
      0.772768920550773,
      0.7707694753645696,
      0.7744885077610026,
      0.7764832625421689,
      0.7698806484243838,
      0.7651707853630698,
      0.7741204844896316,
      0.7698486005868871
    ],
    [
      0.7696796816211653,
      0.7645514804622469,
      0.7709317693508435,
      0.7704864070697296,
      0.7576746437082583,
      0.7716378900397268,
      0.7775481022761249,
      0.7663332105569562,
      0.7694307349595039,
      0.7740430757126244,
      0.7662507497899137,
      0.7699632144164391,
      1,
      0.771294004587382,
      0.7693628921841394,
      0.775376154574823,
      0.7683390614874059,
      0.7763325868259034,
      0.7633184982152111,
      0.7574528079738955,
      0.762546093395631,
      0.7713982868542678,
      0.7758733189000099,
      0.7694550662445767,
      0.7731031690148152,
      0.778314015337941,
      0.773219569780118,
      0.7716930596536975,
      0.768652845331798,
      0.7583474253174893,
      0.7683554727768301,
      0.7649466002572274,
      0.7675833956121787,
      0.77224645116261,
      0.7698867274305021,
      0.7769718775502712,
      0.7603966547441378,
      0.7583098774573338,
      0.7703894649129223,
      0.766211286606654
    ],
    [
      0.7707704138541271,
      0.7754514817271728,
      0.7699856613336176,
      0.7686918415312177,
      0.7610403688602324,
      0.7678639891954547,
      0.7682175072789769,
      0.7683090363132646,
      0.7753919818668734,
      0.7765594183022713,
      0.7748085955626343,
      0.772595052069748,
      0.771294004587382,
      1,
      0.7745782499010364,
      0.7813862489607772,
      0.7685614294613962,
      0.7779839107562634,
      0.7716181788801487,
      0.7658966379950627,
      0.7643411487935525,
      0.7752217747882725,
      0.7747294218924073,
      0.7734188595144095,
      0.7715865950209904,
      0.7690367918682108,
      0.7725590237783128,
      0.7726244168667042,
      0.7707694448677755,
      0.7692345555636833,
      0.7734523564617922,
      0.7746889537847881,
      0.7660958276028763,
      0.7731640162103749,
      0.7736720967290053,
      0.7774321986814764,
      0.7662338924239026,
      0.7681344683692,
      0.7723476606373164,
      0.764702007813423
    ],
    [
      0.7712016446798082,
      0.7730070373450774,
      0.769606692500181,
      0.7756086342693834,
      0.7718909650985983,
      0.7775053691054077,
      0.7689652855464953,
      0.7707015769646028,
      0.7799091474870788,
      0.7764679494993386,
      0.774874250137111,
      0.7761541756484368,
      0.7693628921841394,
      0.7745782499010364,
      1,
      0.7847934131543692,
      0.771419812488154,
      0.7707965802754536,
      0.7707519475775364,
      0.7684629533009845,
      0.763538936204345,
      0.7811466118990349,
      0.7738210892783947,
      0.7666373254843264,
      0.7745454191419426,
      0.7743575492338266,
      0.7709827020674386,
      0.7777321431129447,
      0.7739684669529094,
      0.7713575054125651,
      0.766333129200181,
      0.7719386532143402,
      0.7721578464611274,
      0.7746713006089984,
      0.7764905719049123,
      0.7774437283101938,
      0.7682164231821139,
      0.7695752631954441,
      0.778737201954135,
      0.7723474864839908
    ],
    [
      0.7814549670827773,
      0.7791973150879138,
      0.774847319589416,
      0.7761223368511039,
      0.7780352116434784,
      0.7799872908170201,
      0.7823903821600329,
      0.776554717607713,
      0.7883450135135176,
      0.7817644059866345,
      0.7824642076028753,
      0.7757510185294384,
      0.775376154574823,
      0.7813862489607772,
      0.7847934131543692,
      1,
      0.7831586160593921,
      0.7828562875239202,
      0.7717741053354782,
      0.7818146608887436,
      0.775145203257244,
      0.7847094431624826,
      0.7786748348180791,
      0.7784009156038791,
      0.780429369273393,
      0.778574445750122,
      0.7816833776457376,
      0.7800701940251703,
      0.7792340798868395,
      0.7737781937105354,
      0.7779120666629354,
      0.7786634115497998,
      0.7771382663956581,
      0.7781399905966451,
      0.7741051393058874,
      0.777823197227136,
      0.778927181540124,
      0.7774535079820273,
      0.7805012205966427,
      0.7753240699941633
    ],
    [
      0.7777899412731644,
      0.7688539742337797,
      0.76931947046415,
      0.7721020970362295,
      0.7578067557750332,
      0.7689746637236664,
      0.7692851350654264,
      0.7679326709136112,
      0.7689591650011218,
      0.7767572978327059,
      0.7700954870257593,
      0.7650332472745722,
      0.7683390614874059,
      0.7685614294613962,
      0.771419812488154,
      0.7831586160593921,
      1,
      0.773218579732179,
      0.7722189707949798,
      0.7682653079494497,
      0.7576033530468484,
      0.7682493658399844,
      0.7699624269667089,
      0.7743309237152258,
      0.7695142216445535,
      0.7781136633853365,
      0.7677865646198366,
      0.76783917954028,
      0.7693463568676425,
      0.7571794088854644,
      0.762714659106114,
      0.7743197547281787,
      0.7731334006810248,
      0.7707422053385772,
      0.7689622904685889,
      0.7784525669664819,
      0.761375220838312,
      0.7744517962027824,
      0.7696424611306959,
      0.7735644652812683
    ],
    [
      0.7758067491043356,
      0.7715485691876313,
      0.7701887064509164,
      0.7779690550986862,
      0.7599425810757376,
      0.7737485969400338,
      0.7779796714385921,
      0.7655023102516384,
      0.773433001942511,
      0.7749561487641161,
      0.7731564113414973,
      0.7726773170946004,
      0.7763325868259034,
      0.7779839107562634,
      0.7707965802754536,
      0.7828562875239202,
      0.773218579732179,
      1,
      0.769998758362289,
      0.7675584747711638,
      0.765668039614879,
      0.7697399620762284,
      0.7867628802026035,
      0.7780067295253059,
      0.7737007185648686,
      0.7805863869252412,
      0.7703616196655856,
      0.7721056529039941,
      0.7746198836238448,
      0.7659797295500428,
      0.7742716902968131,
      0.7746329747569852,
      0.7696533951103817,
      0.774836496400211,
      0.771827059603946,
      0.7820916772618561,
      0.7663397601423567,
      0.7670801398238639,
      0.7767849326526205,
      0.7717323705489948
    ],
    [
      0.7739347848890531,
      0.7734622780754556,
      0.7613958441591888,
      0.7669852246371374,
      0.7584653319966069,
      0.7579928760083869,
      0.7693647570310362,
      0.7685199241705503,
      0.7667202472815929,
      0.7704169149637687,
      0.763930130015175,
      0.7700961721283567,
      0.7633184982152111,
      0.7716181788801487,
      0.7707519475775364,
      0.7717741053354782,
      0.7722189707949798,
      0.769998758362289,
      1,
      0.773506673780938,
      0.7590755229391853,
      0.7657384273982422,
      0.76832559407993,
      0.7707076875998974,
      0.7641089271372161,
      0.7771108700608497,
      0.7603913538863449,
      0.7662584851634359,
      0.7754990485479667,
      0.7635020861485694,
      0.7655155868880967,
      0.7733443542506477,
      0.7740930526000193,
      0.7676502944856325,
      0.7644361151214993,
      0.7675522811550448,
      0.7608354275933187,
      0.7683532371643366,
      0.77188036823615,
      0.757766106827073
    ],
    [
      0.7674842195685887,
      0.7667330741685306,
      0.7792249822136869,
      0.7670538304364147,
      0.7662147154585736,
      0.7640303329857411,
      0.7641045606837061,
      0.7669410469583275,
      0.7768368108362406,
      0.7804205056363019,
      0.7719310610903354,
      0.7683672608981778,
      0.7574528079738955,
      0.7658966379950627,
      0.7684629533009845,
      0.7818146608887436,
      0.7682653079494497,
      0.7675584747711638,
      0.773506673780938,
      1,
      0.761561911965385,
      0.7699181858105394,
      0.765825208744148,
      0.7698340829242795,
      0.7646689205421807,
      0.7681100078941228,
      0.7636620385094374,
      0.7694206639092352,
      0.7669074455217263,
      0.7797344042485214,
      0.771384226437254,
      0.7664128531303495,
      0.7675370479289347,
      0.7616543073125044,
      0.7653711253331803,
      0.7690815667864513,
      0.7733876549414602,
      0.767921782890337,
      0.7783890897471117,
      0.7633898612041953
    ],
    [
      0.7632722598985028,
      0.7667200793452131,
      0.7647001850647126,
      0.7659121269735891,
      0.7635967396301027,
      0.76815790156823,
      0.767779806136505,
      0.7637855027522559,
      0.7752544098764207,
      0.7736803843703173,
      0.7663895112436343,
      0.7762092171811067,
      0.762546093395631,
      0.7643411487935525,
      0.763538936204345,
      0.775145203257244,
      0.7576033530468484,
      0.765668039614879,
      0.7590755229391853,
      0.761561911965385,
      1,
      0.769381321889153,
      0.765580885418519,
      0.7597634615062888,
      0.7664288539733859,
      0.7652815219656162,
      0.7670339474723196,
      0.7658990935804643,
      0.768253025074701,
      0.766527858823519,
      0.773031686287056,
      0.7665464960895005,
      0.7663027180662224,
      0.7687303782795277,
      0.7682312562417842,
      0.7676406316143142,
      0.7729971207313932,
      0.7608571969930633,
      0.7670827386365818,
      0.7605565444137696
    ],
    [
      0.7691803364750277,
      0.7740824919733429,
      0.7758561134849176,
      0.7739764161733363,
      0.7646835229163739,
      0.7644865941125176,
      0.7790574071668513,
      0.7676927602410848,
      0.7800733074909783,
      0.7760108576973521,
      0.7724418663833417,
      0.7767135040596566,
      0.7713982868542678,
      0.7752217747882725,
      0.7811466118990349,
      0.7847094431624826,
      0.7682493658399844,
      0.7697399620762284,
      0.7657384273982422,
      0.7699181858105394,
      0.769381321889153,
      1,
      0.7759332371192529,
      0.7693985457485867,
      0.7691477471664059,
      0.7714240154286809,
      0.7731398676387229,
      0.7781391340340577,
      0.7716572825130996,
      0.7633160779303759,
      0.7713455666765264,
      0.7711291359860291,
      0.7701654612629792,
      0.7706281735707995,
      0.7773314480488498,
      0.7710555463374164,
      0.766573420140461,
      0.7635127076777456,
      0.771213252898224,
      0.767074154257525
    ],
    [
      0.7847772276297499,
      0.7661037349225818,
      0.7737247878792755,
      0.7819433194175816,
      0.765663578108676,
      0.7720307471414442,
      0.7700014154876795,
      0.7689965961237223,
      0.7710902359152965,
      0.7737349637353016,
      0.7741786669647639,
      0.7707559735111913,
      0.7758733189000099,
      0.7747294218924073,
      0.7738210892783947,
      0.7786748348180791,
      0.7699624269667089,
      0.7867628802026035,
      0.76832559407993,
      0.765825208744148,
      0.765580885418519,
      0.7759332371192529,
      1,
      0.7773521082699609,
      0.7684235387973432,
      0.7863209789547125,
      0.7725305975741527,
      0.7739658225526579,
      0.7746267291927758,
      0.7677331655402709,
      0.7745066994655384,
      0.7759619596686663,
      0.7811588468573115,
      0.7841240344224828,
      0.7815969633195632,
      0.7809043925003747,
      0.7684577853448692,
      0.770385424275944,
      0.7768876308585229,
      0.7781296532423363
    ],
    [
      0.7784378571295033,
      0.7671059615648774,
      0.7689959145508881,
      0.7697405290827756,
      0.7595578452447982,
      0.7670059827131952,
      0.7692595021710509,
      0.7678915465304302,
      0.7635350710460104,
      0.7724686531616808,
      0.7743586829204047,
      0.7674232758343373,
      0.7694550662445767,
      0.7734188595144095,
      0.7666373254843264,
      0.7784009156038791,
      0.7743309237152258,
      0.7780067295253059,
      0.7707076875998974,
      0.7698340829242795,
      0.7597634615062888,
      0.7693985457485867,
      0.7773521082699609,
      1,
      0.7679767640201624,
      0.7733277782735277,
      0.7652424730356061,
      0.774130401954959,
      0.7698951371504081,
      0.7658663133863209,
      0.7690069236724603,
      0.7742389738477927,
      0.775820758138415,
      0.767063104168003,
      0.7692163645338077,
      0.7781835250304379,
      0.7640595890027144,
      0.768278378373919,
      0.7627449441086794,
      0.7692385222589623
    ],
    [
      0.7717425411049613,
      0.7756909088081412,
      0.7690898280637626,
      0.7710048194779039,
      0.7668061506315187,
      0.7759539366276667,
      0.769960304312714,
      0.7720908626622641,
      0.7736230511612548,
      0.7712215468780513,
      0.7735663243615992,
      0.7762663304246052,
      0.7731031690148152,
      0.7715865950209904,
      0.7745454191419426,
      0.780429369273393,
      0.7695142216445535,
      0.7737007185648686,
      0.7641089271372161,
      0.7646689205421807,
      0.7664288539733859,
      0.7691477471664059,
      0.7684235387973432,
      0.7679767640201624,
      1,
      0.7739627969922313,
      0.7663723627848293,
      0.7710067207172352,
      0.7779979254901519,
      0.7589701268551305,
      0.7657081608958475,
      0.7670770200146633,
      0.7682256564660984,
      0.7669805191601143,
      0.7693470629624624,
      0.7756095119773719,
      0.7642129110649457,
      0.7658955212927665,
      0.770563986490707,
      0.7713222587869464
    ],
    [
      0.7824482632177248,
      0.7727457223055646,
      0.7639531486302253,
      0.7748559460478713,
      0.7614722723828791,
      0.7752836494144519,
      0.7702109428070222,
      0.7659060067957045,
      0.7709009686081771,
      0.7731835196937006,
      0.770483313737215,
      0.768191362844054,
      0.778314015337941,
      0.7690367918682108,
      0.7743575492338266,
      0.778574445750122,
      0.7781136633853365,
      0.7805863869252412,
      0.7771108700608497,
      0.7681100078941228,
      0.7652815219656162,
      0.7714240154286809,
      0.7863209789547125,
      0.7733277782735277,
      0.7739627969922313,
      1,
      0.7714920183428352,
      0.769350989924105,
      0.7703684049153693,
      0.7639177624903011,
      0.7810336540764167,
      0.7821262890428008,
      0.777176707106452,
      0.7805199222812514,
      0.7709295235621052,
      0.7816267512169733,
      0.7597072961296624,
      0.7664690630969515,
      0.7717328013910795,
      0.7697260602310327
    ],
    [
      0.7742555557627476,
      0.773088676043653,
      0.7660059844689244,
      0.7777468105001876,
      0.7680295650245467,
      0.76753167106768,
      0.7720533345258762,
      0.7647077386046782,
      0.7773199263047307,
      0.7709356943926998,
      0.7705223244443618,
      0.7699781089742279,
      0.773219569780118,
      0.7725590237783128,
      0.7709827020674386,
      0.7816833776457376,
      0.7677865646198366,
      0.7703616196655856,
      0.7603913538863449,
      0.7636620385094374,
      0.7670339474723196,
      0.7731398676387229,
      0.7725305975741527,
      0.7652424730356061,
      0.7663723627848293,
      0.7714920183428352,
      1,
      0.7685501097746784,
      0.7665498698160208,
      0.760267425214135,
      0.771928878263904,
      0.76824789933419,
      0.767526497524183,
      0.7649137535754739,
      0.7642930309549476,
      0.7725624073062973,
      0.7705399564948023,
      0.7702426084096672,
      0.7651369704282746,
      0.7688627256141883
    ],
    [
      0.7662670800326997,
      0.7684885640945148,
      0.7711151371002175,
      0.7741948389986903,
      0.7627498694892261,
      0.7769828587459585,
      0.7745799002632399,
      0.7658469836845253,
      0.7797423792134566,
      0.776238149850497,
      0.7703514968704527,
      0.774094483942808,
      0.7716930596536975,
      0.7726244168667042,
      0.7777321431129447,
      0.7800701940251703,
      0.76783917954028,
      0.7721056529039941,
      0.7662584851634359,
      0.7694206639092352,
      0.7658990935804643,
      0.7781391340340577,
      0.7739658225526579,
      0.774130401954959,
      0.7710067207172352,
      0.769350989924105,
      0.7685501097746784,
      1,
      0.7680284582458702,
      0.7696366865192288,
      0.7726601530830649,
      0.7726824684252787,
      0.7676874762229128,
      0.7712801467694774,
      0.7867753319178517,
      0.7714874026424965,
      0.7749091372709518,
      0.767279920346012,
      0.7728474753134402,
      0.7667317710297619
    ],
    [
      0.770121569198247,
      0.7677590392913892,
      0.7673281894629358,
      0.7742910604792463,
      0.7687029874921436,
      0.7705182458652263,
      0.7770057421490189,
      0.7682304987281708,
      0.7654129707321858,
      0.7682986295556147,
      0.7640707315345922,
      0.7735341726613726,
      0.768652845331798,
      0.7707694448677755,
      0.7739684669529094,
      0.7792340798868395,
      0.7693463568676425,
      0.7746198836238448,
      0.7754990485479667,
      0.7669074455217263,
      0.768253025074701,
      0.7716572825130996,
      0.7746267291927758,
      0.7698951371504081,
      0.7779979254901519,
      0.7703684049153693,
